# name: debug
# type: sparse matrix
# nnz: 126
# rows: 12
# columns: 12

1 1 1000.000000000
2 1 0.000000000
3 1 500.000000000
4 1 -500.000000000
5 1 0.000000000
6 1 0.000000000
10 1 -500.000000000
11 1 0.000000000
12 1 -4500.000000000
1 2 0.000000000
2 2 1000.000000000
3 2 4750.000000000
4 2 0.000000000
5 2 -500.000000000
6 2 0.000000000
10 2 0.000000000
11 2 -500.000000000
12 2 -250.000000000
1 3 500.000000000
2 3 4750.000000000
3 3 55625.000000000
4 3 -500.000000000
5 3 -4750.000000000
6 3 -5000.000000000
10 3 0.000000000
11 3 0.000000000
12 3 -5000.000000000
1 4 -500.000000000
2 4 0.000000000
3 4 -500.000000000
4 4 1500.000000000
5 4 0.000000000
6 4 -10000.000000000
7 4 -500.000000000
8 4 0.000000000
9 4 0.000000000
10 4 -500.000000000
11 4 0.000000000
12 4 -5000.000000000
1 5 0.000000000
2 5 -500.000000000
3 5 -4750.000000000
4 5 0.000000000
5 5 1500.000000000
6 5 5000.000000000
7 5 0.000000000
8 5 -500.000000000
9 5 0.000000000
10 5 0.000000000
11 5 -500.000000000
12 5 -5000.000000000
1 6 0.000000000
2 6 0.000000000
3 6 -5000.000000000
4 6 -10000.000000000
5 6 5000.000000000
6 6 265000.000000000
7 6 10000.000000000
8 6 -5000.000000000
9 6 -5000.000000000
10 6 0.000000000
11 6 0.000000000
12 6 -5000.000000000
4 7 -500.000000000
5 7 0.000000000
6 7 10000.000000000
7 7 1000.000000000
8 7 0.000000000
9 7 5000.000000000
10 7 -500.000000000
11 7 0.000000000
12 7 0.000000000
4 8 0.000000000
5 8 -500.000000000
6 8 -5000.000000000
7 8 0.000000000
8 8 1000.000000000
9 8 -10000.000000000
10 8 0.000000000
11 8 -500.000000000
12 8 0.000000000
4 9 0.000000000
5 9 0.000000000
6 9 -5000.000000000
7 9 5000.000000000
8 9 -10000.000000000
9 9 260000.000000000
10 9 -5000.000000000
11 9 10000.000000000
12 9 -5000.000000000
1 10 -500.000000000
2 10 0.000000000
3 10 0.000000000
4 10 -500.000000000
5 10 0.000000000
6 10 0.000000000
7 10 -500.000000000
8 10 0.000000000
9 10 -5000.000000000
10 10 1500.000000000
11 10 0.000000000
12 10 9500.000000000
1 11 0.000000000
2 11 -500.000000000
3 11 0.000000000
4 11 0.000000000
5 11 -500.000000000
6 11 0.000000000
7 11 0.000000000
8 11 -500.000000000
9 11 10000.000000000
10 11 0.000000000
11 11 1500.000000000
12 11 5250.000000000
1 12 -4500.000000000
2 12 -250.000000000
3 12 -5000.000000000
4 12 -5000.000000000
5 12 -5000.000000000
6 12 -5000.000000000
7 12 0.000000000
8 12 0.000000000
9 12 -5000.000000000
10 12 9500.000000000
11 12 5250.000000000
12 12 155625.000000000
